-4.1666e+00  9.2944e+00  3.7627e+03
-1.3074e-01  4.8656e+00  3.7614e+03
3.9051e+00  4.3679e-01  3.7601e+03
7.9410e+00  -3.9920e+00  3.7588e+03
6.3246e+00  -6.2581e+00  3.7551e+03
1.2739e+00  -3.8270e+00  3.7547e+03
-3.7768e+00  -1.3958e+00  3.7542e+03
-8.8274e+00  1.0353e+00  3.7538e+03
-9.8000e+00  9.8000e+00  3.7600e+03
5.0000e-01  0.0000e+00  8.6603e-01
-6.8010e-01  6.1909e-01  3.9266e-01
-5.3615e-01  -7.8532e-01  3.0955e-01
1.2561e+01  -5.8572e+00  3.7550e+03
-4.6985e-01  -1.7101e-01  8.6603e-01
8.5083e-01  -3.4915e-01  3.9266e-01
2.3522e-01  9.2133e-01  3.0955e-01